[[-305 -87 243 -432 11 -544 -546 -13 -394 159 101 -3 -214 269 -267 -204 422 580 42 -93 ]
[-90 -591 465 620 20 437 286 112 125 327 -421 -172 101 -54 -36 -74 -54 -586 200 20 ]
[-460 -34 -102 -340 262 -649 388 -195 -519 -192 132 -127 -455 -358 -379 -77 110 270 -328 244 ]
[-250 -449 -32 -231 456 -483 64 -594 -436 48 -367 -515 65 154 71 -560 68 149 -319 -93 ]
[-58 13 -283 167 -182 132 -63 512 181 -38 -239 672 223 -378 -144 -403 -117 106 185 412 ]
[-80 -148 -287 -166 -248 -139 13 8 -392 -350 -250 320 -547 -480 234 -555 262 -221 -270 216 ]
[405 -436 -163 95 492 -254 -438 63 163 118 175 293 270 95 378 -138 -168 644 132 123 ]
[-296 -513 109 -90 463 -170 143 246 -218 -185 -388 85 231 108 334 -139 166 -448 -717 284 ]
[856 -162 396 228 -188 150 -2 501 634 196 351 -404 -79 -170 -245 258 -453 46 401 84 ]
[-141 -145 -516 -5 -390 -135 62 719 356 -295 213 -48 146 -347 -73 333 -733 420 -16 226 ]
[61 -217 -260 563 -126 -26 -26 591 249 384 -226 420 163 21 -119 281 -229 62 -40 -622 ]
[52 273 133 406 -529 33 452 172 355 527 -295 107 -313 -783 -424 -318 -334 -243 -471 231 ]
[-100 354 255 -226 -140 -570 61 -543 124 545 420 204 95 -3 16 -149 -27 -53 354 261 ]
[595 -163 387 161 -449 612 20 130 107 234 -374 -303 -6 -136 129 628 123 -228 -274 572 ]
[-236 -594 227 335 -78 211 -93 -12 155 178 137 357 -250 390 -178 -101 -627 509 -193 -281 ]
[82 -207 28 -251 25 251 555 -129 -113 504 -551 -41 -429 -276 291 314 -187 -571 185 -363 ]
[250 -77 199 248 -211 880 666 -15 325 292 79 484 -72 -88 138 460 -3 323 61 -673 ]
[-226 -141 728 159 204 35 282 710 -192 124 -323 -29 339 -354 68 -133 -736 64 -224 544 ]
[213 82 -194 -391 159 -28 -117 70 -414 -113 444 489 397 -404 41 611 -301 -361 49 -253 ]
[-265 41 440 -163 -463 -24 -328 38 439 -289 -456 0 -443 -166 -80 175 473 661 528 -376 ]
]