[[-387 -143 -798 104 -138 102 170 348 -485 -152 -185 389 712 210 -20 -179 418 27 228 -124 130 397 -598 -132 -132 397 156 -157 300 -304 -49 132 -30 -254 -493 355 -127 1 -240 -9 ]
[-400 396 -235 -46 431 330 97 -322 316 -392 -453 172 393 -173 207 68 471 340 217 156 248 493 45 360 -278 -49 168 39 448 -441 -306 326 84 -716 -366 171 -550 67 112 5 ]
[55 502 333 59 324 106 -47 83 421 185 177 111 -80 -138 86 40 92 -176 -29 -140 81 475 311 141 -109 107 255 874 606 215 -428 -129 -150 -456 283 -168 -50 -875 332 36 ]
[-128 258 -194 3 625 439 -60 -224 -239 -186 -88 -132 308 -112 -255 -84 148 405 286 -407 118 169 20 -699 -367 -438 218 359 657 104 -192 -38 -569 -843 11 -310 -581 -125 -325 28 ]
[-408 -300 132 -170 494 346 146 -148 111 480 -254 -457 380 -371 204 -91 331 377 -113 -265 3 30 -668 -222 -636 25 162 -362 590 178 -430 -594 -135 -133 22 -143 -59 -152 -245 -9 ]
[182 -371 -34 -192 19 -157 -561 102 273 -609 58 -183 174 -59 479 303 201 203 244 -355 -537 954 -219 -165 -143 -4 -285 146 485 -296 385 77 167 -332 -395 416 234 -321 139 -1 ]
[550 685 -387 -113 301 453 478 -472 6 -42 260 -96 -128 -53 -504 132 50 359 303 -83 60 -269 692 -413 138 -568 -45 -270 -736 794 -168 656 435 115 444 -582 -343 171 5 1 ]
[-870 315 -247 -86 -635 -346 -246 -494 298 -361 -185 157 502 71 526 488 -124 82 291 258 256 205 230 158 409 279 436 449 -85 -757 -113 494 -392 -480 -405 323 12 402 -123 8 ]
[202 362 109 245 501 -47 364 -84 -190 -231 -600 110 -179 -324 -167 262 -583 -119 263 132 374 -42 386 678 177 -19 -429 -536 -418 507 -114 75 865 473 331 -616 -58 -65 -36 -61 ]
[-372 295 -266 -523 -317 336 411 -755 145 475 348 616 116 50 76 13 621 208 111 -90 227 180 265 170 -22 -187 282 165 179 -3 -810 56 -645 -94 672 -14 -520 -1 -9 102 ]
[-56 -485 -698 -226 -191 -218 147 -455 -155 -100 117 -412 368 -408 49 -102 318 -96 330 54 -14 418 -293 -391 142 -345 -497 -368 126 508 -77 -88 -162 683 -220 -127 -272 -45 -382 54 ]
[114 -549 -423 248 510 -692 265 190 -242 234 -38 517 338 -236 453 -115 62 -529 -113 -137 299 896 -79 71 -35 48 -10 -236 81 754 -102 -344 268 501 23 17 -66 -385 313 -60 ]
[-144 636 -566 -26 -726 79 -12 719 -554 201 466 597 138 -76 -111 459 -117 -129 -2 -404 129 47 -277 96 495 348 -327 53 295 202 -275 39 -364 82 273 -471 -356 -561 -407 79 ]
[209 -574 -160 230 304 -559 269 -76 21 -205 -423 202 3 197 98 -530 -44 -316 253 449 -318 452 -246 375 -148 -358 -196 275 17 -332 -146 193 -646 60 -20 -11 -473 397 155 -45 ]
[248 422 597 -417 25 557 -242 159 -265 531 371 -681 -66 -96 -392 -210 -301 444 -207 -546 102 -275 164 83 -24 290 -95 357 -215 942 -175 -389 3 -652 198 -669 105 -439 -118 145 ]
[-253 -273 -354 -96 -53 -218 208 881 -39 286 11 24 150 500 280 -223 173 -233 -812 308 -332 -301 -114 323 408 733 169 359 -27 596 -273 -20 154 164 -688 260 -187 130 87 88 ]
[-97 -92 -335 648 -434 -102 -428 203 -59 14 128 104 681 -491 -189 444 -413 411 -211 -74 497 268 -108 -277 66 325 318 -566 -201 280 201 216 653 226 -313 -350 41 195 400 -9 ]
[571 -819 -78 259 -140 -250 -84 36 -268 -223 -113 -119 132 350 -64 -804 -252 -151 -720 583 -72 126 -175 -453 254 -85 -67 -182 -117 -169 410 235 606 -263 -666 342 -328 453 476 -3 ]
[282 -442 140 85 70 368 -303 149 496 176 603 35 -454 -350 127 -16 173 -289 79 250 -289 -337 -481 354 -376 -7 -5 623 835 60 -193 -526 -641 591 495 -163 -318 68 292 103 ]
[123 -290 -123 303 -284 702 -403 -97 206 -186 38 -197 -146 -6 194 -117 292 -345 400 -39 -221 -22 -393 190 -252 -289 317 57 149 -606 482 12 267 154 182 224 324 -531 -145 26 ]
[195 443 -262 -225 -11 -42 574 979 -951 371 -3 376 306 29 -493 -285 469 -254 353 24 7 -33 -482 188 110 155 -308 650 210 943 -170 -47 -327 -301 296 -288 -202 16 -525 -1 ]
[405 -311 250 -28 -180 174 573 -548 284 467 653 -150 -327 -269 -283 86 -36 379 -863 -156 202 -308 75 -118 -251 620 536 -677 -825 114 -444 -136 436 304 517 49 260 399 381 -30 ]
[704 -91 -387 187 -147 -13 306 391 39 139 -304 -239 46 663 -415 -120 49 -264 -143 365 -344 340 674 414 601 169 -217 106 -165 220 -54 292 749 12 -506 -191 525 -212 210 115 ]
[-36 15 27 -282 717 -232 419 762 -238 485 212 19 -255 2 -203 -211 -228 -131 44 -151 434 31 -447 -199 89 24 -271 326 -192 1237 -37 -40 -431 451 574 -749 -32 217 -65 -76 ]
[461 -687 -367 7 202 208 740 -133 -106 191 72 -672 243 -25 88 -132 404 -43 242 518 -282 -464 -605 -255 -366 -235 -148 -292 -142 -78 -213 247 550 224 -485 638 -224 76 336 -106 ]
[-313 93 -133 404 168 35 -158 -388 215 -86 5 -143 205 -329 -202 241 53 -4 99 449 976 158 -62 180 66 60 -108 850 107 -230 -248 47 -205 -262 346 -263 -424 -382 308 112 ]
[135 -285 -53 6 353 -101 -7 382 -278 438 -83 298 -400 259 -430 -745 -382 47 -17 -81 152 52 -205 -220 84 511 76 52 -878 195 56 -99 -424 265 388 8 -129 255 600 -218 ]
[519 105 -159 -395 22 -62 318 -402 -94 -176 73 328 294 217 -82 -2 688 319 838 -297 287 -302 -297 368 -702 -144 -405 -298 -476 -298 175 -174 397 -227 16 154 60 581 318 90 ]
[-429 569 -447 -59 208 -597 446 -64 49 289 -297 209 193 -291 164 99 -421 -593 112 75 109 15 339 -308 268 192 12 409 265 -460 -404 137 -181 -154 77 -291 185 28 -130 -309 ]
[126 -343 454 581 -21 -180 -682 528 -125 -434 -89 338 311 -121 -260 222 -402 80 -3 -146 -573 -252 -148 640 49 138 -221 410 -648 -459 650 172 36 -214 -185 -114 161 266 291 150 ]
[407 -442 170 551 -45 118 179 2 -491 -122 332 -165 368 -63 -579 -713 26 107 94 84 -290 -791 -629 -722 -72 -377 -62 107 -200 142 55 417 733 -48 110 -169 13 409 -7 -274 ]
[270 -559 -2 -10 -76 -26 76 499 56 -269 354 4 -388 -351 -274 -50 -101 -36 330 445 -464 88 -498 -74 263 46 -591 -27 -29 -347 -74 371 607 527 17 -182 -189 -382 353 -193 ]
[553 -247 204 -151 -230 -332 -386 -441 342 81 -315 -1162 231 -399 61 -282 -206 61 313 645 -40 -252 -556 -286 -130 572 -163 -59 -438 192 -175 21 -373 127 54 -7 668 195 -7 29 ]
[-268 15 -11 -179 -15 351 71 -496 767 160 89 149 134 -289 247 373 292 183 -74 208 465 -254 -402 -648 -335 431 67 -264 212 -122 -394 115 213 -339 -197 478 -32 -156 400 268 ]
[-133 260 -171 -137 652 -65 -181 200 -296 96 454 8 -283 144 -344 -366 453 -441 232 438 204 -327 -163 -30 433 -36 -276 -43 -276 355 25 -503 -510 -5 -285 99 -170 173 343 128 ]
[-99 49 234 -399 -92 282 507 876 -124 757 210 344 171 16 -331 190 271 50 -234 -241 -324 -240 58 -579 -131 133 119 81 377 603 -563 -790 -647 441 805 -590 -21 160 -245 127 ]
[-121 -216 61 -78 -169 -342 -456 -158 -73 1031 835 26 74 50 -203 -116 257 -74 -43 -41 600 86 -193 483 -173 435 13 -73 1 298 -441 -533 -82 871 516 280 477 -334 157 82 ]
[-271 305 98 -330 -650 280 11 33 37 -304 222 637 151 334 297 227 151 60 548 56 511 205 25 342 535 1 -15 -135 416 -1160 -56 559 271 -312 82 451 -62 -234 269 476 ]
[-266 -94 -198 -306 -250 -158 -390 139 65 -713 -283 253 391 597 -177 -80 -125 111 109 388 -306 535 -588 83 350 375 -243 922 397 56 410 101 -330 -541 -189 567 -345 -83 -86 -8 ]
[449 -23 641 195 457 -453 -561 179 -92 -305 497 -80 -427 188 -259 -17 -404 -10 -612 29 -414 276 503 26 -189 427 -195 110 -233 309 790 -123 106 -387 -55 288 -129 -181 869 -220 ]
]