[[381 98 62 793 981 186 382 663 73 259 -91 981 -83 281 -238 199 43 446 -4 359 -296 -106 45 -375 428 -571 -213 -772 400 -242 758 -245 338 -231 -150 113 -318 469 -17 -385 149 525 -426 407 397 -511 -231 -115 13 0 ]
[-623 378 -176 -811 -434 -316 130 -462 40 342 -419 -740 896 257 296 285 4 -218 -659 -235 425 38 82 150 -2 481 61 307 378 106 -147 730 -196 623 -311 3 942 -169 -409 486 -267 -355 46 241 742 -4 -240 141 -13 0 ]
[-106 129 4 242 -910 -64 209 -125 52 -398 533 133 -150 -328 29 13 958 -148 33 -496 -409 -20 -265 381 -175 99 310 290 -509 603 300 126 -117 -443 141 -98 -748 -3 85 -87 -223 -326 245 335 -1238 847 185 99 -371 0 ]
[-777 -166 133 -264 -261 -349 -29 660 176 -253 -356 54 56 -536 322 771 520 90 -472 -1084 -283 166 224 -685 552 132 -94 700 50 367 808 111 68 -99 5 126 227 -84 -680 -113 -138 83 -487 469 400 -199 -57 364 -307 0 ]
[403 476 136 198 -235 -816 228 877 -543 88 64 420 210 -130 17 530 -358 -424 -606 -65 -594 523 441 -568 472 -252 110 180 256 -36 390 100 216 -205 -620 -203 15 -362 -167 249 263 683 -964 -6 409 58 -456 -39 -347 0 ]
[955 -63 225 -468 -295 101 -618 -948 576 -266 -353 -681 -185 -264 -526 -261 371 745 183 -213 775 -328 -160 -216 -591 131 132 218 -640 -304 -801 -187 -450 -579 254 -373 -18 125 349 83 -337 -246 792 -728 -57 -258 873 -183 8 0 ]
[-82 5 286 -703 -674 201 -374 -912 473 469 109 214 323 -86 7 -231 326 768 331 -186 602 -661 -167 766 -343 -119 -294 -639 -172 -117 -180 535 -118 -145 -375 -668 -161 424 514 169 -293 -791 131 259 -85 375 965 -605 325 0 ]
[-30 820 -206 529 111 -347 1284 267 -527 129 -19 -26 261 675 602 479 454 -356 -560 189 -591 312 -264 -447 530 -300 -18 -660 -98 22 -32 -65 307 129 137 308 409 105 -412 526 54 422 -372 609 610 1322 -742 410 -355 0 ]
[-242 -476 -25 616 422 -29 -48 1186 82 -412 77 -433 -456 -2 273 57 -893 -253 121 -68 -673 910 686 142 -99 287 104 651 9 -319 207 -240 118 -1027 -478 -143 -411 -523 -173 338 588 562 -333 -206 -670 -677 352 28 8 0 ]
[-157 -622 1067 -38 98 -198 -889 0 -681 -130 881 -29 -216 -511 -5 -68 -252 -708 1173 262 -80 181 764 -65 541 -113 -282 649 -379 78 -314 -330 453 677 -63 294 -215 -761 -458 -228 356 294 -202 -633 184 428 -544 -130 16 0 ]
[466 483 -331 525 306 -110 456 791 253 -968 -1022 386 106 -108 -142 714 116 16 -1721 -413 -337 -142 -82 270 105 85 206 -211 652 496 1003 343 -2 -500 -432 -202 213 -361 -512 -599 97 92 -161 -206 556 -714 -17 -98 -358 0 ]
[1133 316 -133 39 -241 -1123 3 -103 -258 197 326 162 -34 -328 -730 -656 42 576 528 933 -84 229 -219 -2 -436 -976 501 316 -60 -277 130 -165 203 437 -467 -159 -322 513 667 -134 -534 378 -338 -231 -456 -425 -234 -383 0 0 ]
[-73 -119 350 197 645 -281 -333 355 620 -113 -727 -637 -247 121 -49 -235 -230 -154 1120 400 -121 -112 439 -26 -76 -191 -65 579 320 -119 255 -255 493 -441 37 711 -18 423 -520 -566 -556 8 448 -135 297 -759 112 -94 411 0 ]
[-455 295 384 -375 -458 -769 55 -388 557 214 -424 -699 -439 381 -455 484 701 291 676 -683 104 -265 -35 -381 -219 283 418 704 -455 156 434 438 65 150 -135 225 178 292 -868 472 -953 -233 284 386 255 472 277 -205 -291 67 ]
[-224 -547 1 -128 240 28 -201 1259 -522 -43 -248 -367 -1098 520 365 59 -1274 -758 30 -422 -558 152 514 -816 317 16 72 -163 184 69 -251 -367 69 -16 850 262 -31 270 -225 556 135 -15 -116 306 204 196 232 214 56 0 ]
[831 -452 -127 118 204 527 -805 -138 -455 127 92 -2 -100 -85 103 -409 -237 615 552 242 154 63 67 -778 -14 -814 -86 -3 -435 -61 -1178 -629 -277 333 520 233 105 690 411 -25 119 96 -423 50 -128 499 75 152 19 0 ]
[515 -138 779 -204 776 -592 -237 -55 347 -311 -149 647 -445 -520 -248 -192 513 471 154 -482 136 -300 -83 289 762 -326 383 -428 189 576 1399 170 669 289 -66 312 -195 133 -145 -607 -557 -67 -65 50 370 -717 71 -339 -277 -28 ]
[85 249 85 292 -460 -126 -331 -339 -355 604 764 -570 -208 506 138 -699 -269 -548 242 316 -53 426 236 457 -256 84 414 267 -13 584 -501 471 -193 451 -58 152 312 -265 415 889 -110 365 -321 851 -591 737 -742 200 -566 -25 ]
[-103 -44 248 720 775 177 232 -17 -257 -372 581 300 -500 -119 168 -277 257 411 635 576 -174 -201 176 -385 315 -721 -479 -203 -288 -350 281 -400 23 501 628 947 -230 872 -483 -589 44 -228 528 92 5 253 31 94 349 -5 ]
[102 68 293 -159 504 -653 58 -6 -340 110 517 -311 -74 -388 -371 482 -236 -22 -36 268 211 320 378 -932 435 -722 -376 -261 -302 -832 -74 -28 591 543 302 -376 356 -190 -312 162 386 339 -183 -172 822 211 -665 446 176 31 ]
[127 141 -764 946 113 265 383 -146 -213 25 -44 179 -578 -149 -991 -695 -45 505 10 457 -130 272 -812 -162 -923 -349 173 332 -259 65 373 416 -516 -372 304 73 153 246 217 -164 -80 -19 220 199 -1185 44 -101 58 -161 -30 ]
[236 -43 218 -285 -259 -35 -143 -842 -328 207 410 -230 790 -284 -311 -34 1070 657 318 290 494 244 -194 -2 -79 -763 -268 -643 -325 -698 -477 129 384 -53 -12 -242 87 130 -110 613 -332 -682 -38 -104 153 553 477 168 223 -95 ]
[938 -387 -283 -738 262 -373 -191 360 129 -517 -486 198 296 -409 -175 379 -166 51 -323 -132 438 -498 -219 -62 214 -682 129 -766 403 -4 -3 126 18 736 29 -243 164 -90 -211 -34 -11 -498 -415 -515 992 -944 319 57 353 25 ]
[-52 214 -685 95 309 74 113 453 -196 -42 -992 440 542 456 -352 344 -37 722 -291 3 -359 -43 -579 -393 -16 -455 286 -454 633 440 430 -58 121 -122 -227 -109 558 845 -74 -370 -515 -56 102 223 548 -275 297 -414 -240 213 ]
[683 898 592 139 -114 -384 -8 -75 39 -608 301 355 202 -455 395 -135 340 -438 -286 86 -360 -226 374 213 334 273 121 -95 -251 476 -3 9 186 -1095 84 -263 -524 352 -48 -357 13 86 593 -108 121 388 369 -29 -625 217 ]
[663 381 849 -221 -809 -241 -709 -67 -395 448 319 196 -648 55 -107 -49 829 61 496 246 -7 -602 58 -2 34 -270 133 -73 -349 187 -908 343 -52 123 228 -141 -399 165 -3 325 -669 -237 -499 312 70 1200 227 -684 -526 -27 ]
[-430 31 -643 800 754 762 49 -30 -291 139 -14 -96 315 152 100 -335 -102 723 -535 240 -445 138 -110 1238 -204 -358 -134 -779 591 167 309 645 -31 199 78 160 353 210 184 -123 -138 -377 -80 826 -372 -337 91 -538 -10 -112 ]
[-533 -852 120 -95 -118 -120 -259 25 199 -286 286 -592 -63 160 207 -281 1180 530 177 -130 422 279 334 -153 -267 -1 57 1400 -319 87 551 407 -591 533 229 532 28 35 -859 385 -423 66 202 540 -589 -869 -45 480 -423 -257 ]
[-207 294 -168 -212 96 -23 -300 78 -9 290 362 595 584 -487 -43 70 -430 -99 401 666 541 -2 -278 408 -9 190 -27 -21 372 -131 -321 657 29 1318 -529 -257 548 -345 83 140 304 42 -241 -177 285 -109 -386 201 180 239 ]
[49 -353 -504 -323 658 -467 -44 405 -312 -814 -213 -822 117 -35 535 822 -134 -333 -296 150 -61 680 -79 85 545 -154 402 116 -185 -524 -280 -121 421 184 -73 -438 370 -741 -188 595 283 40 -119 -526 734 -660 171 167 9 16 ]
[158 -443 395 26 -629 540 -889 266 -180 -34 216 -99 169 -460 -41 -42 505 299 578 -206 414 -284 288 -80 71 -63 302 839 168 555 -153 478 -568 -57 -109 -60 -195 -304 294 149 -299 -511 169 46 -328 -390 312 279 -171 -33 ]
[-137 -123 713 -622 -921 -383 -654 -504 -68 -472 15 -149 548 -970 8 361 432 569 -278 -246 38 303 240 -368 -156 -697 -667 771 -645 272 -651 360 549 -2 -495 -907 590 -254 -490 -183 358 224 -37 -248 788 1093 68 115 -558 231 ]
[-226 294 38 -135 754 328 106 -68 491 253 -102 -374 -1 412 351 208 102 203 607 -85 -106 489 242 -846 295 169 19 484 96 26 -392 -347 164 -526 195 847 345 891 114 -312 82 -127 459 279 -342 393 142 334 62 444 ]
[203 -266 178 782 333 389 392 761 -41 -619 -120 94 145 -451 -67 48 312 775 -249 -387 -419 -255 363 -370 -26 -214 -186 386 -228 -212 340 110 -863 -561 -546 -453 -314 -70 -156 34 229 554 -355 330 -60 -466 62 -202 -362 -140 ]
[437 -193 -15 -475 -170 -616 -154 -115 534 469 215 -32 -212 -547 -498 -177 682 560 27 -738 -410 70 -486 -37 -116 240 769 242 -155 109 267 17 -9 30 200 48 -484 267 230 -348 -253 51 140 368 -825 -495 -72 260 -389 -13 ]
[-218 399 -212 406 -371 -284 -141 -23 -258 303 326 962 -206 -565 273 379 -137 -595 -1062 -359 -426 -155 -103 336 177 47 -97 107 465 622 447 471 291 -246 -202 435 259 -584 -395 -709 18 201 -1130 283 123 502 -406 369 -233 -169 ]
[376 -314 -673 812 783 111 263 325 -148 -30 22 317 -641 102 -498 91 -645 468 79 675 -98 362 -593 286 -297 -424 527 -539 56 -41 -25 23 198 313 -455 31 44 -792 88 6 71 418 -6 -453 -544 30 -354 27 -352 -132 ]
[-349 157 60 -403 -1002 312 227 -309 -315 227 -200 38 422 -350 843 160 387 35 -365 -562 -111 518 263 -335 84 577 -4 693 -943 -112 -287 44 -138 -682 -231 -220 263 -210 636 656 326 139 -717 109 -579 821 257 430 -486 -341 ]
[-827 345 75 -12 -440 -16 275 -532 323 -18 252 -359 72 208 542 -245 129 -489 955 115 43 -360 -96 1712 -441 256 -695 -147 -9 229 291 327 253 163 -569 -135 -296 -527 9 347 158 -251 372 118 179 276 185 -408 821 -184 ]
[-356 -311 -44 -702 -310 -483 -637 -24 -496 -159 239 -234 -448 -178 -94 -221 -264 -157 174 101 602 -307 286 1066 -229 57 -188 -68 216 377 -192 93 12 1165 21 -513 203 -95 115 -365 -90 -266 734 -233 59 183 29 -457 82 57 ]
[289 296 -95 244 -382 307 454 -647 -422 61 332 216 882 -483 50 -249 -70 151 -643 -116 -46 394 -116 921 -161 301 205 10 245 485 13 561 -541 -417 -804 149 -280 -698 -38 443 80 -485 -379 -288 -1287 13 102 -285 73 197 ]
[605 -75 -229 681 27 736 -405 -547 -8 -274 -67 -71 311 236 -735 -305 597 113 -540 543 420 -529 -324 -105 -333 -402 13 -242 478 353 213 499 -147 -138 -59 -351 -60 264 309 -542 -306 -201 400 219 -47 263 -489 72 363 -289 ]
[-973 -212 208 632 466 -129 139 177 -368 -267 521 452 212 298 44 681 -145 386 518 252 -367 -104 314 393 67 -565 -86 -193 -14 119 801 191 572 325 -313 -363 -26 398 -815 32 76 -248 -635 646 -217 418 194 -317 -170 1 ]
[28 -456 221 173 149 -374 145 980 -134 -134 -367 -199 -191 -384 147 -322 -694 307 254 -286 -732 617 582 350 -411 -928 -359 -388 -396 -329 -192 -348 774 -566 -18 -89 -156 110 307 237 89 -412 -451 -210 -53 434 520 -26 357 -43 ]
[-108 -306 -521 -109 279 830 -563 -605 -27 146 511 1386 -693 -34 -352 55 -322 305 15 -8 225 -339 -537 -420 -249 -348 -78 -973 -413 -32 -13 -633 246 6 515 -278 -146 422 1021 48 277 187 -612 89 322 305 -186 -168 -64 -342 ]
[184 724 215 573 718 896 -4 -902 506 -100 -80 30 554 372 -287 177 770 377 -290 556 925 175 -14 217 -458 705 -21 277 28 -91 -198 110 -420 -262 66 -148 198 185 100 -16 314 176 1139 -364 515 -220 221 -67 -78 122 ]
[766 -116 -245 -294 454 266 -377 -572 174 433 351 794 790 399 -323 102 113 1074 215 -81 311 -370 298 290 -158 -355 50 -606 -54 111 -177 -164 13 -91 214 -303 -322 540 268 -426 -170 -594 -211 27 -215 -227 117 -106 134 -13 ]
[-486 547 -744 826 -306 53 432 444 -257 -77 -696 202 241 91 267 -274 158 336 -572 708 -568 -503 -274 269 15 -772 -281 -320 504 425 608 -330 179 -78 251 624 -145 289 59 -926 -281 -290 -444 587 39 270 -659 -63 291 155 ]
[-23 476 100 311 -576 317 -208 -383 371 -394 -193 372 716 306 479 334 261 353 -536 48 270 -338 -144 924 -385 -168 -488 -561 673 214 646 694 -204 -437 50 -183 -218 591 471 -252 -594 -907 867 270 -70 -239 478 -662 226 143 ]
[615 277 -328 77 -279 -169 -1 -95 250 423 -91 -245 1046 901 -503 295 -142 7 -172 407 284 212 434 347 -246 207 375 32 214 -751 -356 596 -260 -79 -1139 -108 -287 59 -468 882 296 168 -65 -309 -442 -57 14 370 -88 -288 ]
]