[[-230 109 16 54 -378 195 -39 248 580 -522 407 153 114 -240 -40 76 12 335 40 503 299 84 -8 930 257 -264 -211 113 -172 -241 264 103 -314 17 -502 68 583 107 -250 -762 165 6 196 -190 185 -54 -204 -136 -637 -147 -805 -783 -83 182 -34 ]
[650 426 -88 186 -480 -35 -567 -415 262 178 -189 -440 280 323 234 -63 -278 507 -203 567 59 -487 491 -458 -10 126 125 -61 244 269 518 -341 -2 -700 58 -242 -585 256 -456 427 362 -323 -19 466 127 -181 157 522 181 -421 -353 -12 74 377 -21 ]
[-677 -399 266 -165 132 491 391 -170 587 -18 281 103 -159 -330 261 -297 -119 -33 -307 40 154 -273 -861 428 -128 466 -82 113 -461 488 284 309 -677 -51 601 495 374 358 -327 49 302 1034 -31 -612 -122 115 -88 -402 -493 250 -113 -626 291 -67 -6 ]
[84 419 659 115 -186 -29 -95 64 -210 436 -123 208 -126 -490 573 -730 -551 146 -493 365 159 -43 -31 273 32 -526 -153 768 -25 494 1041 185 252 -924 652 252 -594 994 -131 349 175 42 -144 65 56 135 -470 253 -276 -457 -201 568 396 36 -35 ]
[-169 80 -253 260 -915 -19 157 -294 278 129 -473 -509 -176 960 400 -147 254 -92 -122 267 161 241 80 31 491 144 228 -245 121 651 -470 -513 -575 -841 210 -296 -292 -566 -427 -332 118 419 -325 -213 -75 -377 604 141 793 166 -477 -11 103 323 18 ]
[618 741 -301 38 184 -429 -293 -70 175 130 -93 679 324 -572 561 -343 198 -116 612 476 -522 89 -73 -163 334 -165 -718 871 203 -349 805 63 557 122 3 -163 10 457 946 -102 -1211 -278 333 225 -492 402 255 474 -272 186 -186 -110 73 -1 0 ]
[-1034 -453 -108 -205 -39 795 442 82 -767 -462 327 -294 -196 283 340 -439 977 -177 -39 -571 -78 -185 -360 267 -256 -81 492 -126 -148 334 -54 -50 -824 630 -608 391 -214 -216 -121 -253 686 877 259 302 221 -86 -495 -650 625 214 374 -17 558 -608 20 ]
[203 -524 315 -98 -121 -143 256 437 1110 -119 -427 223 16 54 -69 -22 -254 -7 517 358 618 114 44 702 214 68 -288 -407 258 381 -994 -83 341 256 86 -107 246 -87 61 -879 -74 732 412 -1129 -216 382 187 572 -121 -284 -240 -700 -67 384 -28 ]
[-1030 -325 680 212 -9 102 -66 21 -115 234 124 -764 -641 -497 -426 -695 151 -278 -747 -1122 -510 -262 -270 522 66 -303 1050 380 -390 604 171 367 -1004 145 -106 342 -69 -586 394 690 155 383 97 -60 174 -41 -420 -916 -255 491 463 73 345 -636 20 ]
[-413 -236 -556 684 -177 1257 300 172 -558 -453 815 -418 -213 415 -237 393 456 457 -503 -53 378 -607 -368 198 -696 13 435 -515 -1032 -510 -440 -216 -648 523 155 326 16 -393 -564 -641 -96 620 -291 291 781 -19 -21 -244 603 7 237 -5 0 0 0 ]
[-576 399 493 -467 -422 293 402 -435 395 -34 483 -187 351 -456 -9 -80 462 -673 -379 485 64 554 -454 281 258 -14 -524 -116 -564 713 286 611 325 -803 162 373 896 567 -946 195 286 -23 -813 -171 85 -327 -607 -370 130 176 -1136 -92 358 -41 0 ]
[181 -44 -127 -35 -18 -172 797 -242 788 581 285 -480 -37 540 -97 -286 181 -366 -357 86 -396 -84 287 -595 28 -212 -607 -203 -269 -5 -626 236 -88 167 901 -230 579 -978 16 -148 -994 512 -61 -403 -447 447 378 168 1162 213 -573 -225 124 323 18 ]
[358 -791 439 -441 -48 -994 902 -221 723 918 -17 -544 -379 421 -476 -242 45 -611 557 -884 -455 -184 -418 -120 260 803 -1079 -191 240 567 -893 146 124 346 69 228 191 -690 284 644 -568 227 209 -499 -976 543 584 157 33 862 196 -503 126 -87 40 ]
[72 108 974 -268 182 -437 508 66 210 251 -3 -677 205 -30 -667 803 -853 465 -439 -1006 64 -515 -18 141 -346 -344 -298 -71 163 -455 211 314 -419 255 -524 417 165 -311 43 200 322 -24 446 495 -401 -123 26 -172 -799 -242 -221 -602 -360 -223 -47 ]
[718 -124 460 339 260 -29 13 -339 518 -530 131 -704 -99 -155 -206 222 284 551 -214 -776 -5 -957 360 80 -448 82 -359 -280 201 -365 675 85 -757 708 -450 42 -100 -846 -155 -153 159 121 623 369 -12 -704 5 246 -249 -52 265 -806 -155 -134 -6 ]
[-228 -74 204 221 139 352 -463 235 100 -273 64 539 -454 222 634 -832 -66 14 -462 83 154 510 764 -138 31 -393 -189 -42 887 -88 806 -432 -35 -657 566 -384 -388 -155 -80 -373 -107 -356 164 271 105 487 -357 -117 144 -899 -245 293 358 194 12 ]
[353 22 -645 164 126 579 -652 -844 1149 -558 541 -35 788 -562 1403 -183 460 86 247 974 -250 -457 -175 -487 15 111 -243 -135 -376 441 107 177 -393 716 -580 -442 134 384 -798 -7 -113 360 439 -23 147 -145 -312 -177 373 358 -573 -979 567 194 8 ]
[-219 -795 -85 -833 233 -68 1088 115 329 38 -32 130 -730 767 724 -457 1313 -107 826 -324 69 -202 213 294 4 877 -959 55 903 -59 154 -25 -722 448 -5 169 -31 212 217 -1286 251 265 339 -519 -389 408 180 -65 -252 153 -188 -615 180 -254 27 ]
[394 349 646 -38 301 189 -64 -714 1252 191 304 -343 332 -761 49 542 -469 670 -1056 660 286 -986 342 -90 -95 -407 -399 244 -130 65 -308 495 285 70 580 -399 491 1300 -585 342 -1 194 308 -699 40 320 -478 90 -102 -632 -873 -306 33 466 -61 ]
[-335 164 -478 -65 54 317 116 538 -1810 -936 377 270 208 -321 -243 149 -18 603 -104 -136 535 247 -28 494 -35 -332 385 -225 -731 -682 -361 -127 753 345 -330 123 -313 457 186 -222 309 230 -27 -280 262 -229 -273 132 516 -339 677 1101 527 -469 -67 ]
[68 41 179 -297 -105 437 -63 112 198 229 86 27 -126 -154 -245 -929 874 -549 312 206 -77 -719 -586 -442 -498 585 442 353 -302 1240 349 154 -144 279 -137 635 -63 337 794 331 -321 229 550 318 -82 1101 -67 -202 -188 281 -341 -305 564 -393 28 ]
[-208 61 -455 74 -155 202 -356 199 -89 -296 87 -337 385 -59 168 -291 548 171 288 -186 -697 -302 250 485 19 972 166 -279 -298 -375 1037 245 -16 145 -584 -10 -91 -519 637 612 49 -823 10 159 179 244 225 175 -508 730 866 -290 -46 -457 22 ]
[123 202 -29 65 -213 507 -128 349 -597 256 791 -7 153 180 -675 -275 416 -474 -237 -358 -3 315 358 657 -573 547 414 -512 -74 50 333 208 699 140 -766 406 42 240 20 -56 177 -1752 -756 442 807 305 -409 -358 -525 -38 50 254 -395 -210 42 ]
[-336 -442 520 -444 788 -124 -439 233 452 -137 -899 -90 -263 -956 -359 31 -901 95 -60 -295 311 -293 477 -319 -317 300 643 -330 -26 618 -157 -542 -122 4 687 -303 -626 122 4 788 709 209 122 -259 -234 22 -200 -270 -664 -487 364 -13 121 -142 -53 ]
[256 -421 462 -503 1045 218 -186 -286 -4 626 -471 240 130 -413 749 286 -628 269 69 -332 366 -386 -964 -882 -818 117 7 -142 659 272 136 624 113 311 263 423 -480 654 -604 -423 898 238 -462 -83 24 -846 -481 182 -214 -561 642 115 101 -167 23 ]
[-184 18 564 277 431 -204 75 -159 -87 171 -344 397 -333 50 203 390 -374 -338 161 -404 276 239 -605 650 -94 40 -513 295 193 -281 -12 -70 -185 -424 -104 160 135 635 -138 -406 -495 -32 153 310 -231 -268 780 -192 -1462 574 -213 -296 -794 128 1 ]
[591 294 -286 -9 -198 382 80 -542 176 81 -83 94 46 337 250 -261 575 419 -74 -24 121 -755 -52 -327 -378 -212 -51 254 599 9 366 -145 -214 474 -315 310 24 -116 234 318 211 716 518 22 -130 221 -65 542 942 -731 340 -259 338 501 -42 ]
[881 -268 -476 91 280 -387 2 -49 279 933 242 34 436 949 57 356 -450 471 680 317 -231 -590 287 -915 -629 910 -680 -215 373 -1179 -218 28 266 -139 984 -328 -244 511 -132 -150 -696 -67 117 823 -105 1014 1002 818 -137 -202 23 -88 -508 215 162 ]
[456 -49 91 -371 363 100 19 -421 -219 87 -77 245 691 -99 750 192 233 -636 659 -294 202 807 213 -1090 -293 -256 -167 -206 5 -195 32 461 413 75 11 -24 -77 539 356 -251 -953 -362 -424 384 -40 51 153 -31 404 -459 -353 567 671 -140 -39 ]
[-222 450 -514 36 -26 516 -170 -155 -714 -770 -58 798 631 37 800 207 402 77 -310 315 -72 270 -169 49 113 -62 121 206 -273 -714 257 254 -323 150 -10 -450 -58 1102 466 -530 -853 336 185 -33 -444 373 485 -40 249 544 104 235 80 -412 -1 ]
[111 -44 -27 -169 -192 -5 -862 159 104 -163 -331 83 -214 -516 16 306 162 345 -102 222 -17 -338 1014 694 -56 -544 346 304 105 -400 324 -88 -248 -323 -1044 -655 -77 789 -125 622 1344 -1376 -10 109 433 -84 -638 -575 -273 -91 155 249 -674 -179 7 ]
[433 246 -208 52 -438 180 337 -1094 268 68 292 130 383 -75 462 -442 1258 -416 72 481 110 -308 -494 -401 -61 317 -780 568 772 643 474 390 -381 210 -660 13 293 698 -578 130 228 41 -144 -81 -248 -95 -79 362 636 -231 -52 -223 418 70 21 ]
[418 -161 -223 273 -876 -115 255 133 -656 418 -30 -626 58 336 -119 -326 199 -437 238 802 51 -192 387 -177 10 -250 488 -365 156 667 -954 -511 -222 293 -103 225 -875 480 -684 -392 594 -13 -478 390 323 -201 -571 229 848 -118 67 135 188 43 -116 ]
[-173 314 -494 -377 -465 102 179 -203 -691 -188 -108 307 737 343 -175 71 307 -87 133 259 -140 7 -225 -74 258 -29 545 202 454 15 76 -308 226 -42 -671 788 276 982 179 113 993 533 -72 105 517 -207 -608 -14 102 -132 282 -1 86 377 -181 ]
[14 207 -123 76 617 -564 -266 -381 -582 -496 -124 -526 -365 333 -170 705 -346 357 -193 -96 -41 -430 601 -538 265 -87 746 340 -11 -74 -126 -734 -184 -330 -229 -333 -438 -291 -21 89 436 509 611 306 -226 -659 599 203 180 -156 325 89 -359 -390 1 ]
[436 -83 255 231 -192 87 -260 87 29 649 53 -559 -336 557 -333 -212 -292 604 -111 -142 -148 -811 207 22 -329 -502 -86 -61 660 -314 493 125 98 -529 132 477 -676 228 -99 -281 765 -189 -36 460 311 518 -479 519 -35 -72 452 -137 -275 175 -106 ]
[182 408 -676 273 -358 387 -547 -191 282 -816 -52 -254 -114 297 441 375 1028 306 195 663 122 -191 339 -289 -146 -171 -45 -348 -43 -442 -262 -1026 -690 -83 -534 -420 -548 -146 -149 -755 -119 -608 327 676 19 -45 93 -308 146 336 -948 -268 381 385 -118 ]
[321 38 -203 -657 -92 -246 -318 -318 -110 -69 -318 -188 848 11 -1026 580 -342 220 1240 148 328 -79 -179 -542 415 -84 -535 -448 37 -407 -645 -129 909 132 -1117 80 157 594 247 215 231 11 645 348 -525 -325 133 929 -73 -164 -225 -511 -89 359 -260 ]
[-53 -572 318 419 -199 -217 -14 -100 562 4 833 -456 -896 -151 -641 -85 88 405 -489 -152 -182 -370 -904 530 495 -17 -717 319 -282 -6 0 423 -322 473 828 236 856 -804 -322 743 -234 63 78 -453 270 216 -89 -219 -382 591 324 -198 114 483 24 ]
[-469 484 335 308 298 1285 70 105 -44 -89 -31 561 780 -817 622 -225 -324 -65 74 -137 -211 -132 -842 806 -777 -434 239 82 -163 85 315 81 452 654 -159 393 -309 898 480 368 -462 577 341 274 -406 678 -467 380 124 -449 420 -231 238 -130 56 ]
[-324 -1314 -418 -928 -28 535 921 376 -537 -579 768 -100 -241 739 -19 491 403 340 105 -622 78 -99 334 219 92 437 -559 -634 -567 -452 -281 66 -240 548 106 257 653 -147 -556 228 806 35 57 -513 8 135 -432 -156 333 113 581 -297 -89 48 20 ]
[-545 452 439 204 -1267 -467 311 194 -490 -255 -568 -486 543 -102 -369 47 483 -103 661 -477 -277 950 91 1175 607 -396 -282 -369 -153 21 164 -161 334 -698 -598 293 278 -654 295 305 241 -514 -351 396 -317 -209 344 245 -114 267 21 268 282 -194 13 ]
[-133 169 -410 -153 109 -533 392 733 -418 670 -5 324 -408 260 -157 -457 208 -95 -42 240 -301 885 249 -85 -64 142 -413 651 68 -95 466 6 238 245 525 -240 -228 -649 530 -188 -169 -842 -165 -38 -672 650 158 -96 34 564 222 492 -213 -317 114 ]
[-296 -90 -178 578 -224 487 -125 -213 -832 -336 103 577 33 604 1518 -758 -69 -14 -216 106 174 1177 478 -438 -101 -129 163 -284 655 -83 750 -181 -296 -579 -41 -249 -353 -374 -427 -347 320 -113 -152 326 619 -716 -470 -159 140 -294 313 699 433 175 -166 ]
[-770 -927 337 -248 352 -102 -305 352 294 903 -361 -67 -172 256 -429 -178 -665 61 -473 -261 -695 360 -64 -393 259 42 13 -143 592 17 145 803 -226 -429 157 -193 321 -400 -254 690 161 -826 -556 269 351 683 -182 -709 -655 525 -9 190 -314 38 267 ]
[475 444 -117 -319 54 -140 130 -81 440 -332 -329 626 630 -366 -357 104 197 -565 644 928 658 124 394 140 -316 557 -123 60 -376 287 -359 257 531 -3 173 -40 621 529 -227 -711 61 522 78 -752 200 -377 -71 594 -554 -347 -566 -507 -626 35 -53 ]
[860 380 165 1029 -376 -321 -724 -36 17 482 346 -229 -153 -505 11 -537 -447 -129 -63 591 -406 -95 160 -47 222 -795 225 438 -697 605 114 -9 829 128 -148 -263 -274 -662 68 486 -795 -1054 -137 705 189 -392 -401 977 -107 454 108 340 -157 539 217 ]
[-710 304 -69 -263 -170 36 -58 -334 516 952 21 -617 -143 -94 765 -677 79 -12 -172 343 -338 -107 -116 174 1157 219 263 506 131 1086 -316 381 375 -211 172 -475 -327 536 -305 506 12 216 74 -584 -63 10 -210 91 63 599 -354 91 226 -144 -254 ]
[435 571 164 -190 -398 365 -425 -155 344 337 -263 -580 -157 -569 -426 -779 519 91 125 733 -49 -1276 -200 -363 -220 186 -331 254 -328 638 217 -141 587 -250 -7 -41 -618 871 904 733 -180 -146 558 125 44 1275 -415 477 -19 -206 -50 267 603 -139 83 ]
[-489 -690 407 427 45 576 137 314 -47 804 -325 -380 -876 210 -575 -122 -482 -49 -56 -675 82 -785 -453 473 -118 683 465 -155 -50 325 -857 -664 -526 -46 226 201 -752 357 323 -328 -476 186 -269 -225 -28 -1 390 -210 -401 159 695 27 -396 338 -53 ]
[-380 47 -388 372 -320 468 -287 -672 1040 442 513 -670 495 102 237 -281 48 163 197 491 -548 -849 -642 -439 -217 -83 -9 -28 301 59 -338 -323 -437 634 282 -364 51 -263 91 53 -535 961 490 472 -86 356 136 493 720 -581 -564 -838 368 709 -351 ]
[-279 -927 -215 -635 -123 111 -65 92 632 -89 474 392 511 466 51 -446 -37 379 625 402 144 -150 -524 207 6 1398 -140 -153 479 120 204 -563 -322 364 -475 -171 35 267 -90 84 796 226 436 -447 -393 340 366 -142 -427 5 293 -924 296 -184 -164 ]
[-595 -1214 -22 81 2 6 -542 89 108 6 256 -662 -99 295 30 -114 -349 -11 260 -186 -33 150 -317 367 340 515 184 93 -211 40 388 -17 -1102 -205 -578 333 15 346 -920 315 908 -30 -154 -59 291 -683 3 -233 -1220 246 -44 -589 74 -35 -198 ]
[-163 387 82 -754 586 -303 405 211 -129 278 70 554 1051 -672 246 367 87 -478 273 -190 -714 802 18 -166 265 -848 -1466 332 91 -468 801 454 842 750 -269 -235 381 62 430 -38 -620 -925 -58 312 -351 449 -864 -400 -369 454 -396 124 249 -357 -100 ]
[443 131 333 532 201 169 -276 -430 117 554 584 -338 -15 -355 213 213 110 333 -791 -340 -133 -396 84 -489 -517 -647 -609 23 438 -894 586 126 151 -638 414 135 41 868 -355 380 -663 -393 -413 287 422 -118 -869 -417 -184 -519 7 394 286 -181 -66 ]
]