[[1336 189 545 -216 158 -201 514 167 102 -138 -284 306 353 312 122 -275 -383 161 -56 131 -84 274 -665 415 -399 -324 -729 231 -142 -297 -876 381 -474 467 -598 -13 -506 1128 -506 -32 -315 95 513 742 508 -568 -141 866 403 294 -15 -253 11 167 -95 -247 401 -290 -285 0 ]
[350 -171 157 -519 399 -86 -97 -569 157 277 -370 252 463 -619 627 -71 1 222 68 405 306 131 -535 -208 -434 -1028 -794 -535 -582 452 -696 905 130 419 32 245 -467 646 825 -379 -380 -644 164 214 -605 -889 -52 382 210 -28 -113 18 661 524 124 -664 177 -120 -287 0 ]
[-755 -769 263 -497 -288 -282 -389 -462 -116 -268 169 61 201 -555 -240 261 463 -514 -548 607 305 521 298 -328 -224 120 31 429 -8 658 -107 -185 815 804 812 23 545 -326 789 756 -206 -266 -328 -868 -433 38 45 -1069 -169 -283 519 -545 346 989 42 491 28 -73 634 2 ]
[981 89 819 -196 -76 -71 61 97 -294 -102 -815 -45 188 145 680 -540 -388 -19 -143 -156 697 -271 -221 559 -675 702 -523 1190 126 162 -721 118 328 883 328 13 -21 -122 -566 805 555 762 532 190 1017 -201 62 -259 353 368 871 -414 43 221 -365 383 221 1 0 0 ]
[183 186 -727 826 161 355 -68 621 384 18 -199 676 92 729 -688 57 -138 -208 -700 -168 -306 485 285 323 26 90 -62 482 -268 256 458 -436 -381 -1168 -574 -87 544 -201 -223 -118 159 400 -41 -3 94 348 301 -426 -387 -383 -74 137 -1200 80 904 268 -116 -346 249 2 ]
[467 158 538 -1029 101 -397 938 -452 719 182 -286 -732 401 -1019 268 41 -70 -67 323 746 321 100 -298 -57 -720 227 75 358 -701 -415 322 -274 366 737 118 641 -281 616 -68 369 91 336 36 -753 347 -280 34 77 774 -130 879 -724 556 745 -110 -328 -2 171 -2 0 ]
[45 544 -645 63 -242 673 -229 336 -1102 891 -174 -255 317 938 567 -594 -1039 -307 137 -736 302 -504 -761 -342 -20 248 -215 573 353 -402 -43 527 -967 -206 -771 -388 -88 -534 -121 -46 320 -82 -116 419 101 -520 14 181 471 -215 328 465 -766 -658 329 336 194 324 -432 0 ]
[256 101 81 -693 -530 -25 181 1024 465 -181 -33 484 586 769 -258 377 -473 316 -451 101 -107 827 -852 32 395 621 -405 364 -408 -345 -335 129 -1307 451 -570 -301 -341 668 -254 24 31 500 165 -401 -1080 -538 -186 159 646 -155 -303 -970 -530 264 388 515 486 -332 204 2 ]
[-596 211 -76 -732 -850 2 147 40 10 -180 307 -502 231 -228 -100 1151 57 -89 -370 1183 80 309 -547 -1080 796 1130 795 169 372 -808 613 -452 -670 -210 -587 -715 -438 -539 -527 -241 234 -118 -165 -678 -384 159 85 183 155 -801 -91 -792 -118 -373 -19 -105 -192 -150 146 -2 ]
[435 594 548 255 306 -771 -504 -23 -233 -731 -133 165 172 143 -281 -59 92 -31 -765 462 358 91 793 318 100 -158 -779 -28 126 990 -517 29 -392 -1057 -172 -675 540 -679 -815 425 729 513 80 573 608 414 698 309 -652 -120 105 257 54 433 -389 -539 -177 -453 -94 -2 ]
[1404 -699 -259 -35 358 -189 -384 551 -402 -404 60 795 -3 845 -373 -430 62 -547 -343 276 -532 200 595 -25 38 183 -226 1132 537 -701 -754 -445 235 -267 -1139 226 -617 -47 67 153 -874 -572 412 579 1107 302 -28 -396 -348 361 -258 343 -829 1 368 631 702 -594 303 -1 ]
[-372 -92 -553 172 851 -526 -1155 83 100 -646 -126 558 44 154 524 215 211 250 -415 109 257 -542 212 38 729 529 405 -553 73 195 -921 304 621 119 518 974 -237 -250 1243 -375 -353 -94 853 -391 -797 257 -9 -73 -324 -229 -646 -90 658 -33 170 236 32 59 -43 0 ]
[-731 -47 -401 1007 441 64 56 -509 87 56 -88 -310 90 -489 342 -186 -518 -624 -255 531 711 -52 -72 -234 -234 1180 205 275 -149 196 700 83 646 -372 -327 397 974 -200 100 357 -24 -155 -231 230 579 -9 472 87 6 -53 869 -715 220 73 302 104 -838 276 48 3 ]
[-856 155 -289 -735 -383 -277 -827 480 -617 -160 683 -15 273 735 65 -548 285 58 -1007 -327 180 249 899 -249 752 239 100 -111 1287 -172 -828 -380 -91 446 298 206 96 -860 340 24 173 204 -321 -1051 -1247 -38 243 -400 -128 -212 -722 -16 285 261 -95 228 91 337 223 2 ]
[-90 399 25 -1140 -115 -237 56 -308 -439 114 1195 98 321 -288 -197 -588 489 -1272 6 -125 -338 -15 563 -326 121 -805 -184 -503 376 -227 -518 -662 78 415 461 22 314 122 281 457 -111 -243 -1215 -649 -821 -310 243 -511 137 -405 135 397 -253 861 -210 118 -41 316 416 -2 ]
[365 221 351 1012 883 629 -120 -73 159 511 -858 697 -48 538 247 -1019 -630 -131 -1042 -1148 469 -322 -291 643 -768 315 124 -301 -243 12 -558 776 -41 335 12 223 390 535 -106 -1006 81 734 756 969 341 -1117 33 496 145 473 -228 205 -391 -414 491 -62 -271 209 -98 5 ]
[345 -363 -588 206 385 -140 -335 -89 -247 -553 -335 229 652 631 -60 -358 -968 -735 -291 1056 -287 139 -237 338 -332 378 -377 1455 231 454 -298 264 -382 -201 -614 267 253 200 1135 943 -448 -890 173 540 -170 -334 -512 388 -55 8 855 -106 -325 186 349 613 627 -435 -81 2 ]
[-481 8 229 459 778 -1050 -529 -18 403 -467 294 122 -673 -86 110 52 691 -162 605 -290 118 -255 551 -563 447 339 191 -718 -754 -16 448 -177 528 -559 -520 -721 58 -724 -268 -475 -26 -185 -543 30 -345 1093 799 -198 -712 795 -389 821 179 -126 -279 -47 -141 -151 266 -3 ]
[763 867 -518 -47 -764 1473 1090 -497 -467 126 -339 242 451 -423 508 -402 -439 -115 -10 726 53 -563 -1342 -117 -639 -272 -242 183 928 -649 403 69 18 410 -125 157 -699 395 8 -283 155 95 346 -40 622 -888 -190 520 148 -790 257 -596 115 -448 -198 -430 -146 130 -354 0 ]
[-70 206 -907 -221 127 -581 141 -396 -130 -143 -514 -506 437 -159 298 -5 -311 -120 337 980 303 85 350 -518 -300 853 383 1222 254 -9 953 -158 65 94 -1413 -130 138 -1074 658 312 -462 -89 -454 -723 371 357 22 -442 -555 -522 592 -189 -181 162 176 366 378 -27 202 2 ]
[672 691 -717 375 1113 -739 -126 91 470 -294 82 242 452 -708 727 0 300 -144 168 102 3 627 535 55 386 87 -64 -1132 -512 121 -541 140 427 -141 -314 399 58 977 88 -688 -624 -247 -166 -41 -472 92 440 461 -335 -214 -451 789 417 346 5 -368 51 22 34 -2 ]
[399 -395 -30 -216 -279 -146 -343 325 876 -64 397 503 126 -278 366 176 493 -459 -131 130 -505 271 606 671 -141 -959 -314 -11 -266 57 -287 -863 -7 -645 538 499 332 -75 -125 389 812 -63 -4 -198 -4 805 318 -917 -157 -619 -244 33 -636 480 509 -612 -398 -120 -145 -2 ]
[-549 -321 -550 -23 222 -362 -752 999 -289 58 196 119 489 553 39 318 -98 -191 171 -153 220 454 864 -490 677 105 108 50 139 120 641 182 -884 -393 -773 -1088 263 -1183 10 277 61 -880 -108 285 84 843 -28 -454 -574 -211 -365 879 -590 -766 45 437 512 -44 66 -4 ]
[-196 636 124 470 707 -1150 207 -545 377 -586 128 -363 26 244 705 -354 -601 -143 559 60 103 317 281 380 212 -330 -423 -76 315 500 -306 85 -51 -2 -236 549 371 810 122 499 -176 -194 -932 658 -442 -53 91 622 285 -179 79 126 29 450 -41 -152 -375 617 -289 2 ]
[487 757 888 665 667 -1157 622 -464 495 -1259 -399 -12 215 -189 -1242 -19 -421 -387 -819 836 600 780 173 137 -819 270 -60 515 -185 455 541 -222 41 -93 -673 -408 338 502 -455 -82 -502 607 355 434 1515 -11 378 1387 -98 -43 420 -641 38 633 168 -64 -327 -473 549 -24 ]
[-353 -475 -596 360 271 32 -425 -910 -464 312 -70 292 -669 507 -23 -84 -385 -588 -521 546 -448 -269 -119 -653 395 240 237 -30 659 -756 196 127 -15 -683 -890 -345 -309 -830 437 -796 -442 -704 -94 690 -341 -558 -6 36 -351 171 -318 783 -402 -362 287 -521 -313 205 -370 28 ]
[32 -149 159 12 -469 229 693 -249 -347 689 721 -592 -248 -335 -1008 536 -48 -747 -537 -323 -325 883 -164 -471 -465 617 431 176 -171 -383 456 -340 -657 -15 -457 -220 509 857 -1073 -171 188 -10 -994 -121 531 -163 -5 -186 209 -471 -136 -22 -928 122 207 -113 -196 104 466 -21 ]
[1050 1027 -149 -399 -372 477 339 517 -258 -300 -810 -242 586 941 308 -343 -726 335 -186 -430 19 -314 -534 565 266 539 -741 645 176 -225 -537 -120 -1014 72 191 113 214 538 -303 524 455 1044 258 -81 -180 -238 -11 8 674 -584 731 -3 -518 -420 192 490 701 82 -15 4 ]
[-246 1124 -273 183 -604 -256 -106 127 414 -161 -120 194 298 765 -248 460 53 -212 -1114 610 -14 716 312 400 352 487 969 91 478 72 160 -416 -405 -509 -5 11 42 -293 -162 -199 610 1515 -51 -540 -354 -388 75 -211 -407 -1248 5 -366 -503 432 615 -74 -571 267 130 44 ]
[9 673 -1325 -223 788 627 136 -438 -123 797 -963 230 573 -210 352 57 0 -276 -107 717 -119 6 -451 -833 -141 -493 763 56 -650 -325 1104 464 129 -812 -340 638 -463 -72 1011 -889 -556 -597 551 -154 458 -332 348 -344 -182 -763 513 1000 -90 -213 730 -270 175 247 -186 42 ]
[-402 -239 473 -150 93 109 -16 112 171 -514 337 165 71 -472 -782 46 -415 -197 -993 244 531 780 445 -308 231 -132 -679 -224 357 435 298 61 186 200 638 313 594 566 -400 577 -607 -440 -416 255 484 -22 632 73 274 58 297 -415 269 576 -87 -159 -373 -28 434 0 ]
[600 -227 1279 -1095 -13 653 145 -805 -521 949 -198 -243 345 -278 197 -118 -34 -558 -673 732 217 -578 -373 -729 -920 -571 178 896 323 158 -717 43 320 686 -22 -650 -725 -146 -9 513 -33 -759 -43 375 188 -718 -523 -20 -249 -161 1169 -87 -355 303 -292 -566 394 -472 -140 2 ]
[365 -792 -594 -241 293 305 40 147 1087 194 -269 223 -354 -863 -637 383 34 -127 447 217 -357 -108 913 248 -278 -18 350 -468 -991 -15 696 -439 188 -554 -202 1170 46 121 1444 -302 -800 -88 -391 -334 -497 -388 -632 -862 -226 -393 206 269 -621 -70 639 155 253 169 556 23 ]
[-259 192 -229 -1506 -941 -276 222 912 -663 -238 1058 -22 323 557 -796 -384 117 -414 -801 -14 -472 -92 57 -429 856 754 389 -546 289 -1371 -519 -257 -840 442 -117 350 -40 429 -477 434 -215 797 201 -736 -73 -166 719 -81 729 -9 -175 -379 710 327 170 521 359 -76 448 27 ]
[-100 204 -554 361 -453 1035 -643 -57 -418 214 -428 450 -550 -185 554 -128 405 178 499 -1026 413 -111 -210 212 -54 -139 330 -260 -156 103 61 117 415 129 578 -460 426 -503 139 -774 29 484 -35 -440 152 85 395 -880 -652 -126 -97 626 -589 -315 97 606 -176 332 134 104 ]
[-651 664 31 430 -446 716 194 -164 -1289 537 492 -444 -468 -861 359 -369 -263 -169 804 -599 272 -495 -232 -628 235 -267 -398 -148 26 809 904 564 -409 -362 859 -358 79 -205 -373 492 900 35 -588 21 585 -92 297 -432 -262 -52 434 645 59 427 -389 453 -422 380 15 -43 ]
[-1198 282 -166 37 -514 -519 -956 154 -985 129 94 -501 365 106 575 -318 22 -345 -26 -199 234 -370 -73 -493 221 771 970 190 818 229 -289 117 38 473 -65 -396 577 -1287 -327 298 540 -38 42 -184 -156 624 595 130 -87 -131 -411 -272 206 -173 -426 8 -97 194 -140 -2 ]
[316 567 169 -1063 394 -359 -74 388 414 -208 238 -403 387 69 231 -556 -19 -377 -395 -132 -68 -688 130 292 46 693 -141 362 -348 -484 -588 -434 312 252 739 764 0 -56 -98 398 559 1441 -144 -1411 -604 523 112 -505 599 20 614 76 484 776 -405 657 904 -93 -152 -115 ]
[4 -318 177 227 998 176 748 166 861 96 -381 676 -87 -113 -388 436 -211 -89 210 -59 177 -378 -564 592 214 -432 -916 -754 -1297 323 -878 221 410 -358 68 547 513 1473 -80 67 -515 -136 61 849 -232 -301 -185 592 1049 -151 50 -660 170 281 357 -183 -444 235 -380 2 ]
[247 652 751 89 2 -344 -83 -590 -355 -468 -370 -39 153 -1104 -318 -640 -168 -711 -306 -17 344 30 345 529 -432 -410 -388 -599 49 332 -249 -109 735 227 767 468 1034 -7 133 133 22 1238 332 -243 1309 80 392 -21 248 -715 561 -539 479 941 -420 -508 -250 196 37 -113 ]
[-827 -140 115 -416 -131 -493 -36 -1150 92 -7 221 -481 2 -847 333 844 -272 -616 39 380 143 -14 -603 -712 -243 82 55 131 -214 -220 350 -74 -443 811 -60 -516 428 -159 -44 308 -268 -627 -442 198 47 6 514 -143 320 -701 476 -422 -89 423 115 -399 -695 115 -112 81 ]
[-451 821 -216 428 693 71 141 135 367 -17 212 -127 -123 -682 -863 850 639 81 -790 306 -348 55 571 18 253 618 1088 -634 -230 151 318 -581 101 -1226 -259 -217 183 -358 -854 -670 619 1018 135 -607 72 745 92 450 -428 -349 -242 115 -494 -387 -259 -242 -427 -527 259 -51 ]
[-328 -264 582 -81 -29 -649 -79 -881 -126 441 332 -1509 -460 138 -338 -297 228 325 -57 -332 198 -318 993 -8 -261 340 548 222 7 31 638 -347 -331 -780 -401 -349 408 -944 -421 79 530 151 -936 -320 433 2 0 315 330 428 -16 329 5 -321 -9 -40 -489 114 84 5 ]
[-258 380 -203 217 596 -718 -358 -660 233 -32 -93 -548 -41 -532 993 -514 -280 -533 367 -334 -202 -631 705 740 532 397 754 -606 -31 -298 -126 -376 250 -144 739 314 691 -504 650 133 343 340 -21 -168 -424 374 -47 -452 192 -383 5 873 26 13 -390 170 289 395 -231 -101 ]
[-1005 474 -462 -616 624 -834 -35 -113 -409 371 754 -1106 299 81 -291 460 -48 151 603 -174 52 -160 507 -1177 109 -1157 591 -867 -368 143 690 457 -141 -386 -678 12 -453 -345 640 -458 -725 -601 -401 -599 -711 87 -303 401 177 -233 194 920 279 486 190 154 424 325 -97 -24 ]
[-511 -485 -386 -473 58 -373 -303 269 -76 -76 526 14 471 -396 603 -672 -65 -687 251 254 572 773 667 -295 -591 -275 -361 678 -467 145 752 -67 861 268 -76 263 -280 21 632 576 -85 -1085 -189 -72 228 263 596 -347 -457 869 503 220 664 856 -9 -228 439 -123 110 1 ]
[-1057 416 -98 146 -413 -182 -60 410 -10 133 157 -524 -33 -162 -825 -370 25 217 -516 -180 397 630 205 -77 -373 118 631 -423 321 128 618 -269 -312 341 236 -1067 615 -817 -296 -440 698 848 522 -1409 -1271 -68 147 246 -283 64 -244 61 363 153 126 99 -150 254 88 16 ]
[1027 300 -219 721 293 393 -444 545 -170 -258 -482 1165 2 259 1239 233 -76 294 -153 -456 218 -88 -435 -146 179 257 -455 287 -122 -160 -390 168 14 -470 -17 389 -658 96 197 -301 106 -446 370 361 286 257 143 -328 -275 121 -438 661 -590 -375 96 504 165 -155 228 -4 ]
[-303 376 510 488 25 -48 122 442 561 52 -257 143 115 1124 420 -38 -232 227 -120 -697 459 330 -645 289 -59 -289 -198 41 -647 371 -379 244 -806 -25 -215 -690 -133 536 -242 -446 537 118 -172 824 -681 -807 419 653 751 173 -106 295 -517 -500 323 -27 -239 -214 131 23 ]
[-323 -264 -492 369 59 -136 227 -81 -931 83 400 -493 -93 394 110 -457 -175 -1001 410 -157 -1096 -127 -98 652 70 -570 1317 132 761 -374 -510 -32 -155 581 -112 -549 558 448 -253 415 -112 -840 -142 60 -229 692 -711 218 28 -333 149 1069 -114 -172 -203 352 326 328 -304 228 ]
[-76 -386 167 -444 106 347 -395 -322 125 8 236 35 -337 -148 -135 266 -69 378 153 134 -384 -448 -447 -620 423 -128 89 -343 -616 -257 703 1070 -143 -404 89 134 -1219 140 325 -980 -607 -347 187 169 -637 -668 -467 447 362 940 -399 631 690 -261 77 202 461 44 -414 -94 ]
[491 316 289 203 366 -214 928 775 431 -236 46 -597 -418 277 -18 -532 -408 547 1381 -298 -743 -568 -357 333 -119 32 415 396 -275 -646 340 -333 17 312 -382 197 -524 622 -256 109 -16 -154 724 456 583 689 -298 716 348 820 69 -19 239 -892 -395 278 340 156 -121 -85 ]
[527 346 1048 -592 -286 -201 -735 1120 -83 -454 -230 112 27 522 331 -561 133 623 147 -827 345 -437 790 250 370 -511 -1111 -71 205 273 -236 -53 -719 638 124 -387 -58 -1079 -70 479 557 581 419 -17 172 315 284 -922 283 -373 -649 -201 -38 350 -258 464 690 -52 195 -60 ]
[-847 -487 303 435 102 119 -89 -710 3 -445 37 437 73 -867 -598 464 578 -667 -1503 857 -248 118 547 -120 96 423 873 116 136 763 -33 -172 251 -675 165 150 1319 127 19 1 -686 -491 -389 81 -80 190 73 240 -643 -569 492 -536 537 417 -138 52 -632 -377 438 -111 ]
[-665 -328 -187 107 -844 1044 -497 -340 -321 -46 -581 33 149 106 870 -762 -268 -180 -508 586 661 -333 -648 -505 -438 1119 157 758 611 227 -16 342 829 566 53 -876 -738 -678 253 -394 182 -481 -186 -324 -773 -896 340 286 85 678 348 -551 611 -104 109 622 -84 -507 45 369 ]
[-365 -427 -611 -8 -310 646 -273 680 -559 141 1022 -204 228 276 -732 -308 321 -236 -585 489 -322 179 1088 -492 171 -967 -351 271 599 -560 870 -550 -59 -916 -665 -439 -29 -1007 -512 500 211 -780 -382 -306 740 559 567 -977 -152 -566 -716 311 -285 561 150 -173 170 -176 -424 -61 ]
[-533 -841 -95 62 407 -282 -312 290 378 -429 -160 -316 -595 323 564 162 -50 454 1020 -418 -82 -301 632 -165 709 625 651 -233 -439 -795 819 -352 359 201 24 383 -164 -342 -215 63 -162 -262 -188 231 440 1455 105 -595 136 305 171 265 394 -818 -296 196 140 468 -355 -135 ]
[-215 926 -600 -23 188 308 223 -13 631 348 -68 -214 -412 30 -236 848 199 716 633 -604 126 -554 175 279 553 -513 67 -769 -952 573 1205 -393 -208 -806 -40 -71 466 -326 -499 110 316 1131 -859 -402 -723 521 309 -328 25 -897 395 -207 -1006 -266 398 157 -650 71 -161 123 ]
[318 278 -1030 416 -705 901 -168 321 -1010 741 -551 -253 -563 151 19 -277 -8 235 1159 -999 -426 -594 242 35 -562 74 124 912 299 195 1088 -113 119 -70 86 80 -634 -1034 489 -258 -192 -33 -250 -685 -108 -6 -256 -499 -238 20 -102 1131 -352 -574 129 77 252 402 86 -145 ]
[61 114 -463 -221 -496 610 463 729 -61 -131 142 366 261 -89 -98 780 516 236 752 186 -475 -802 -43 -259 771 -195 341 -110 -157 -254 569 -461 -359 -565 -72 -696 -176 -687 -440 184 414 84 247 -78 445 1121 304 -686 -37 -559 -426 -837 -570 250 41 549 -262 -120 25 60 ]
]
